status=200
methane=5.948752214460948
ethane=4.960864073923175
vinyl=2.91330928171495
propane=7.929371076693575
acetylene=0.1192434362981056
